428,4
428,2
426,5
426,4
426,2
423,8
423,7
423,6
423,5
423,4
423,2
417,5
417,4
417,2
414,4
414,2
411,4
411,2
409,4
409,3
409,2
409,1
409,0
408,5
408,4
408,2
406,3
406,2
406,1
406,0
405,3
405,2
405,1
405,0
404,3
404,2
404,1
404,0
403,3
403,2
403,1
403,0
402,3
402,2
402,1
402,0
401,3
401,2
401,1
401,0
4,3
4,2
4,1
4,0
3,6
3,5
3,4
3,3
3,2
3,1
3,0
2,2
1,2
0,446
0,423
0,417
0,408
0,395
0,386
426,1
426,3
426,0
0,383
428,1
0,371
428,3
0,369
428,0
411,1
411,3
0,365
411,0
408,1
408,3
0,363
408,0
0,359
417,1
0,356
417,3
0,322
417,0
1,1
1,3
0,318
1,0
414,5
423,1
423,3
0,316
423,0
414,1
414,3
414,0
2,1
2,3
0,243
2,0
0,9
0,310
0,305
0,308
0,304
0,303
0,302
0,307
0,12
0,10
0,8
0,0
0,355
0,300
0,317
0,299
0,360
0,298
0,345
0,297
0,357
0,296
0,411
0,295
0,410
0,294
0,341
0,293
0,409
0,292
0,378
0,291
0,427
0,290
0,377
0,289
0,404
0,288
0,376
0,287
0,433
0,286
0,372
0,285
0,338
0,284
0,354
0,283
0,402
0,282
0,325
0,281
0,442
0,280
0,330
0,279
0,321
0,278
0,400
0,277
0,426
0,276
0,313
0,275
0,416
0,274
0,314
0,273
0,272
0,312
0,271
0,329
0,270
0,364
0,269
0,436
0,268
0,342
0,267
0,399
0,266
0,361
0,265
0,340
0,264
0,398
0,263
0,439
0,262
0,311
0,261
0,406
0,260
0,437
0,259
0,353
0,258
0,441
0,257
0,337
0,256
0,333
0,255
0,375
0,254
0,348
0,253
0,374
0,252
0,431
0,251
0,366
0,250
0,320
0,249
0,403
0,248
0,384
0,247
0,339
0,246
0,346
0,245
0,352
0,244
0,438
0,242
0,429
0,241
0,425
0,240
0,401
0,239
0,344
0,238
0,351
0,237
0,336
0,236
0,301
0,235
0,424
0,234
0,315
0,233
0,232
0,343
0,231
0,334
0,230
0,390
0,229
0,382
0,228
0,421
0,227
0,422
0,226
0,388
0,225
0,415
0,224
0,435
0,223
0,350
0,222
0,419
0,221
0,412
0,220
0,328
0,219
0,440
0,218
0,396
0,217
0,430
0,216
0,381
0,215
0,335
0,214
0,413
0,213
0,434
0,212
0,331
0,211
0,332
0,210
0,323
0,209
0,394
0,208
0,407
0,207
0,420
0,206
0,393
0,205
0,327
0,204
0,379
0,203
0,397
0,202
0,392
0,201
0,418
0,200
0,309
0,199
0,391
0,198
0,414
0,197
0,373
0,196
0,349
0,195
0,385
0,194
0,193
0,447
0,192
0,432
0,63
0,428
0,62
0,61
0,443
0,60
0,380
0,59
0,368
0,58
0,387
0,57
0,405
0,56
0,367
0,55
0,347
0,54
0,370
0,53
0,362
0,52
0,326
0,51
0,306
0,50
0,324
0,49
0,319
0,48
0,445
0,47
0,444
0,46
0,389
0,45
0,358
0,6
0,5
0,1
0,11
0,4
0,2
0,3
0,7
